-2.037839889526367188e+01
6.582586288452148438e+00
3.880485534667968750e+00
1.048841381072998047e+01
-4.601285457611083984e+00
4.318444252014160156e+00
-2.580445289611816406e+01
2.578527212142944336e+00
-7.597970962524414062e+00
-1.817717933654785156e+01
5.396126556396484375e+01
1.215773582458496094e+00
-1.413215446472167969e+01
-2.453554153442382812e+00
5.940711975097656250e+00
-9.309983253479003906e-01
-1.256755590438842773e+00
-6.090909957885742188e+01
-1.002807617187500000e+01
4.153274154663085938e+01
6.353245735168457031e+00
-2.854470825195312500e+01
1.965745353698730469e+01
-2.414944648742675781e+00
-1.261278343200683594e+01
-3.838809490203857422e+00
-3.128139495849609375e+00
6.623959541320800781e+00
2.308944940567016602e+00
-5.105846405029296875e+00
8.463324546813964844e+00
1.888214683532714844e+01
3.417126417160034180e+00
-2.439421463012695312e+01
-1.293770790100097656e+00
5.876203060150146484e+00
1.461325931549072266e+01
3.121824264526367188e+00
-9.749533653259277344e+00
-2.673635482788085938e+00
-4.663043022155761719e+00
-1.112297821044921875e+01
5.649376869201660156e+00
5.207444000244140625e+01
-4.914500236511230469e+00
-5.396317672729492188e+01
-4.717369461059570312e+01
6.862235069274902344e-01
1.583764076232910156e+00
8.118773651123046875e+01
-2.138447570800781250e+01
8.367552757263183594e+00
6.390141963958740234e+00
-2.872077465057373047e+00
2.811727905273437500e+01
-7.360338211059570312e+00
-5.382701396942138672e+00
-9.847568511962890625e+00
3.065930366516113281e+01
7.363123893737792969e+00
1.254853725433349609e+01
1.130973100662231445e-01
1.544252490997314453e+01
-3.338602066040039062e+01
3.769157886505126953e+00
2.322943925857543945e+00
-8.811678886413574219e+00
-3.283132934570312500e+01
-1.873781442642211914e+00
8.175618171691894531e+00
-1.550900650024414062e+01
-5.065696239471435547e-01
-1.243288326263427734e+01
-9.053197860717773438e+00
2.294118690490722656e+01
-3.441310882568359375e+01
7.367906093597412109e+00
1.969779586791992188e+01
-2.926649093627929688e+01
9.294784069061279297e-02
-1.206002616882324219e+01
5.089164257049560547e+00
3.722209692001342773e+00
6.699794292449951172e+00
2.904434585571289062e+01
6.645821571350097656e+00
1.771616554260253906e+01
3.046324729919433594e+00
1.813429641723632812e+01
1.461073875427246094e+00
-1.235061407089233398e+00
-2.168167591094970703e+00
-7.485752105712890625e+00
9.164635658264160156e+00
-3.167105197906494141e+00
-1.497401237487792969e+00
4.492716217041015625e+01
-9.859038352966308594e+00
-3.210065078735351562e+01
-9.106964111328125000e+00
1.082824587821960449e+00
-1.539459228515625000e+00
1.878742218017578125e+01
2.249449539184570312e+01
2.611948966979980469e+01
-5.359475612640380859e+00
5.194441986083984375e+01
1.871821022033691406e+01
1.163193702697753906e+01
-1.173154449462890625e+01
5.524859428405761719e+00
2.626356124877929688e+00
5.261597633361816406e-01
8.683324813842773438e+00
-1.225037479400634766e+01
2.459115409851074219e+01
7.997909545898437500e+00
8.726539611816406250e+00
2.665729284286499023e+00
1.624283981323242188e+01
7.160691022872924805e-01
-5.493123531341552734e+00
2.739681053161621094e+01
2.761345386505126953e+00
7.178232192993164062e+00
5.118399620056152344e+00
-1.862767028808593750e+01
1.012999057769775391e+00
8.904666900634765625e+00
-1.066450500488281250e+02
7.774669170379638672e+00
-6.261301040649414062e+00
-2.184061527252197266e+00
-1.076279878616333008e+00
8.330759048461914062e+00
-3.297516250610351562e+01
8.492263793945312500e+00
2.227845191955566406e+00
-4.589926910400390625e+01
-3.284077167510986328e+00
-1.970372390747070312e+01
3.690268993377685547e+00
1.110026836395263672e+01
3.665054321289062500e+01
2.705646991729736328e+00
-1.145916366577148438e+01
2.106771707534790039e+00
1.965874862670898438e+01
-2.775074481964111328e+00
-2.752541351318359375e+01
2.216604423522949219e+01
-2.884890556335449219e+00
-7.804302215576171875e+00
5.832103729248046875e+00
6.792413711547851562e+00
2.000071907043457031e+01
5.582612991333007812e+00
2.337111473083496094e+01
-1.079970741271972656e+01
1.428592586517333984e+01
8.174100875854492188e+00
6.492630004882812500e+00
2.833483934402465820e+00
-1.098396778106689453e-01
3.441747665405273438e+00
-5.182366371154785156e-01
5.655131816864013672e+00
7.168614387512207031e+00
-5.888181686401367188e+00
5.773916244506835938e+00
-5.324358463287353516e+00
-1.096939373016357422e+01
-4.661338329315185547e+00
2.884808778762817383e+00
-8.959530830383300781e+00
-1.651947021484375000e+01
-1.506859397888183594e+01
-1.890336036682128906e+01
-3.173125743865966797e+00
-3.317960739135742188e+00
-1.058465719223022461e+00
6.448121070861816406e-01
2.867534065246582031e+01
4.135570907592773438e+01
-1.371346378326416016e+01
-1.888994216918945312e+00
6.490448951721191406e+00
1.058426666259765625e+01
1.033740520477294922e+00
2.394631958007812500e+01
2.315609169006347656e+01
1.104754257202148438e+02
1.973023223876953125e+01
-5.630123138427734375e+00
4.427951812744140625e+01
8.643041610717773438e+00
-1.454261779785156250e+01
-9.538385868072509766e-01
-1.448867082595825195e+00
1.405353927612304688e+01
-5.040510654449462891e+00
-2.818245887756347656e+00
-2.478428077697753906e+01
2.158335924148559570e+00
1.019600677490234375e+01
6.421690940856933594e+00
6.168158531188964844e+00
-2.911142349243164062e+01
2.135982513427734375e+00
1.515195012092590332e+00
1.457724809646606445e+00
1.734810638427734375e+01
-4.156260013580322266e+00
6.837773323059082031e-01
-1.203400993347167969e+01
3.821664047241210938e+01
-1.243350982666015625e+00
2.112401771545410156e+01
-1.292315483093261719e+00
3.572583389282226562e+01
1.260024738311767578e+01
1.710363006591796875e+01
9.418630599975585938e+00
1.453642725944519043e+00
-2.091939353942871094e+01
-4.292311096191406250e+01
3.280276298522949219e+00
-1.088570117950439453e+01
2.487263202667236328e+00
-6.529946327209472656e+00
3.612369537353515625e+00
-1.411693811416625977e+00
-1.739700317382812500e+01
6.573754310607910156e+00
-2.241311264038085938e+01
1.025678062438964844e+01
8.773296356201171875e+00
1.896212005615234375e+01
-8.962157249450683594e+00
1.137471675872802734e+00
9.580760002136230469e+00
2.492468261718750000e+01
7.726010322570800781e+00
-4.748400211334228516e+00
3.270842361450195312e+01
-1.678286314010620117e+00
-4.086779594421386719e+00
-5.587442874908447266e+00
-1.024832439422607422e+01
2.840141296386718750e+00
-2.471242904663085938e+00
1.487736701965332031e-01
-3.499388217926025391e+00
4.050943756103515625e+01
-4.393587112426757812e+01
7.540808200836181641e+00
9.536630630493164062e+00
-5.906855106353759766e+00
1.250507164001464844e+01
-6.430537223815917969e+00
-7.997970581054687500e+00
7.681232690811157227e-01
-5.945110321044921875e-02
6.519138813018798828e-01
6.054450511932373047e+00
5.686096572875976562e+01
2.418537378311157227e+00
-1.627825021743774414e+00
8.813285827636718750e+00
5.201703548431396484e+00
1.129514884948730469e+01
7.422136783599853516e+00
3.266177177429199219e+00
5.160754203796386719e+00
1.389528846740722656e+01
-7.097300720214843750e+01
3.206665515899658203e-01
4.162331819534301758e-01
-1.141383647918701172e+00
1.070143508911132812e+01
3.049824237823486328e+00
4.750013351440429688e+01
-1.147413730621337891e+01
8.515724182128906250e+00
-9.851608276367187500e-01
5.334268093109130859e+00
-4.683282375335693359e+00
3.863886260986328125e+01
3.164305210113525391e+00
-9.987078666687011719e+00
1.267901706695556641e+01
5.863196849822998047e+00
-5.326799392700195312e+00
4.013787269592285156e+00
-2.314274787902832031e+00
-8.303884506225585938e+00
5.741877555847167969e+00
4.270174503326416016e+00
2.310503578186035156e+01
8.714159011840820312e+00
-5.850327301025390625e+01
9.797622680664062500e+00
-1.136775016784667969e+00
-2.098305130004882812e+01
-2.221967697143554688e+01
-8.066841888427734375e+01
-4.305928039550781250e+01
-2.037104129791259766e+00
1.890690803527832031e+01
-2.444701194763183594e+01
-7.114593982696533203e-01
-1.557990312576293945e+00
3.267589950561523438e+01
3.353697061538696289e-01
-2.143072605133056641e+00
-9.492437362670898438e+00
-1.245232582092285156e+01
1.699563980102539062e+01
-1.057089900970458984e+01
1.698557472229003906e+01
1.089409708976745605e+00
1.449622440338134766e+01
1.232686042785644531e+01
1.403773689270019531e+01
1.361468887329101562e+01
-6.319601535797119141e-01
8.223519325256347656e+00
5.089956283569335938e+00
-2.699070167541503906e+01
-2.030961990356445312e+01
9.655536651611328125e+00
-6.146446228027343750e+00
-2.153495597839355469e+01
-6.435681343078613281e+00
-8.522641658782958984e-01
2.940063285827636719e+01
-2.209714126586914062e+01
4.524868011474609375e+00
-1.202749633789062500e+01
4.794800281524658203e+00
-1.086068630218505859e+01
-2.319308090209960938e+01
7.690587997436523438e+00
-8.626583862304687500e+01
-2.148972511291503906e+00
3.353545379638671875e+01
1.185276889801025391e+01
1.544773674011230469e+01
-1.168745231628417969e+01
1.813964366912841797e+00
4.732545375823974609e+00
1.252930450439453125e+01
-3.725820922851562500e+01
-1.444334793090820312e+01
4.637320327758789062e+01
-1.020251560211181641e+01
3.089153099060058594e+01
-5.312139511108398438e+00
-2.029236221313476562e+01
-2.975282287597656250e+01
-1.655583620071411133e+00
-2.771013736724853516e+00
1.229149818420410156e+00
2.474560928344726562e+01
-6.903688907623291016e-01
1.367949867248535156e+01
7.380524635314941406e+00
7.696994781494140625e+00
2.295768356323242188e+01
-5.133587360382080078e+00
2.260877609252929688e+01
4.214458465576171875e-01
7.293828964233398438e+00
1.656363964080810547e+00
-1.497771263122558594e+00
-4.488940238952636719e+00
4.488464355468750000e+00
7.129183197021484375e+01
9.244544982910156250e+00
7.695352077484130859e+00
-4.818113327026367188e+00
8.059856414794921875e+00
-3.168327713012695312e+01
1.706482696533203125e+01
2.480445146560668945e+00
2.151008796691894531e+01
-5.671800136566162109e+00
-1.160936594009399414e+00
9.162782669067382812e+00
-2.080825805664062500e+01
-1.249706172943115234e+01
8.143234252929687500e+00
3.620949506759643555e+00
4.568119049072265625e+00
3.075225448608398438e+01
-1.707653522491455078e+00
-8.103179931640625000e+00
-1.016016006469726562e+01
1.463221836090087891e+01
1.106309890747070312e+01
2.197758483886718750e+01
1.101058292388916016e+01
4.769661426544189453e+00
1.416721630096435547e+01
7.632141113281250000e+00
2.878306865692138672e+00
2.286276054382324219e+01
-1.512382268905639648e+00
4.346171569824218750e+01
1.148555755615234375e+01
6.097543716430664062e+00
-1.219856977462768555e+00
7.326840877532958984e+00
-5.646372795104980469e+00
-3.116980552673339844e+00
-3.826280593872070312e+00
-1.348211193084716797e+01
-1.398908805847167969e+01
1.050072860717773438e+01
-2.824341201782226562e+01
4.183379173278808594e+00
4.343623161315917969e+00
3.431534528732299805e+00
-1.085244560241699219e+01
-7.814170837402343750e+00
5.278825759887695312e+00
-1.799728202819824219e+01
7.207378387451171875e+00
-1.603694915771484375e+01
-4.502272605895996094e-02
-2.594623088836669922e+00
-2.040916442871093750e+00
-3.841416549682617188e+01
1.055019187927246094e+01
9.905835151672363281e+00
4.625128269195556641e+00
5.086188507080078125e+01
1.767979812622070312e+01
-1.604799652099609375e+01
-9.064337730407714844e+00
-9.464254379272460938e-01
-1.876716804504394531e+01
9.549372196197509766e-01
3.859274387359619141e+00
1.271243333816528320e+00
2.557030487060546875e+01
-5.106133937835693359e+00
-5.075700759887695312e+01
-2.307490158081054688e+01
-4.160135650634765625e+01
5.183752059936523438e+00
1.610290718078613281e+01
2.104315185546875000e+01
-1.531993293762207031e+01
1.365332221984863281e+01
-9.614305496215820312e+00
-9.132886886596679688e+00
1.284197711944580078e+01
-2.577386856079101562e+01
-3.479095935821533203e+00
-4.028914260864257812e+01
2.727125644683837891e+00
3.776886940002441406e+00
-1.063589286804199219e+01
3.951088666915893555e+00
5.732015609741210938e+00
9.014007568359375000e+00
-1.031295013427734375e+01
-2.018144798278808594e+01
1.648104095458984375e+01
1.571446132659912109e+01
-2.814056968688964844e+01
1.274301338195800781e+01
8.117519378662109375e+00
5.779839992523193359e+00
1.379413604736328125e+01
-7.461490631103515625e+00
2.064114809036254883e-01
1.528703594207763672e+01
1.697398567199707031e+01
-1.688955116271972656e+01
9.931888580322265625e+00
1.156526470184326172e+01
1.587942695617675781e+01
1.099122285842895508e+00
4.444051742553710938e+01
3.881500244140625000e+00
-1.092272663116455078e+01
2.304592132568359375e+01
6.286943435668945312e+00
1.032839679718017578e+01
3.693110275268554688e+01
7.246876239776611328e+00
2.012121200561523438e+01
-9.521957397460937500e+00
5.681681632995605469e+00
3.932709932327270508e+00
-1.379233646392822266e+01
-1.086404895782470703e+01
8.009957885742187500e+01
5.147920608520507812e+00
1.332280635833740234e+00
1.357916831970214844e+01
-6.534172058105468750e+00
-5.972247123718261719e-01
-6.007680892944335938e+00
-2.846162319183349609e+00
2.494987249374389648e+00
-1.520928955078125000e+01
1.081481218338012695e+00
2.060292005538940430e+00
-5.526659965515136719e+00
-2.992367744445800781e-02
5.116067886352539062e+00
-6.581265449523925781e+00
4.922550201416015625e+00
8.568325042724609375e+00
-1.894172668457031250e+01
6.436796665191650391e+00
2.375829315185546875e+01
5.914020538330078125e+00
-2.126894474029541016e+00
-4.194960403442382812e+01
-5.558311462402343750e+00
1.329205989837646484e+01
1.901086425781250000e+01
-1.349595546722412109e+01
-3.839897155761718750e+00
-4.482976436614990234e+00
2.100387954711914062e+01
-3.090514659881591797e+00
6.230096340179443359e+00
-3.085244655609130859e+00
-8.724787712097167969e+00
2.320178604125976562e+01
1.829209899902343750e+01
-1.180442810058593750e+01
-2.403565406799316406e+00
-2.203232765197753906e+00
4.111093044281005859e+00
-1.030230522155761719e+00
-1.821048164367675781e+01
5.867008590698242188e+01
-7.654328346252441406e-01
-1.072939682006835938e+01
-1.025905990600585938e+01
-2.690523147583007812e+01
4.836071491241455078e+00
-1.366422119140625000e+02
-8.711285591125488281e+00
-4.684559631347656250e+01
4.619897603988647461e-01
-2.461477279663085938e+00
-2.287499809265136719e+01
5.396899223327636719e+00
1.409905052185058594e+01
-5.486077785491943359e+00
1.915490150451660156e+01
-1.720812082290649414e+00
1.430065536499023438e+01
-6.781254768371582031e+00
-7.234250068664550781e+00
-8.663129806518554688e+00
4.820506095886230469e+00
1.576915931701660156e+01
1.648764038085937500e+01
9.372692108154296875e+00
2.309315490722656250e+01
-4.024934768676757812e+00
-3.473366928100585938e+01
9.699665069580078125e+00
4.511723995208740234e+00
1.980068016052246094e+01
3.335017776489257812e+01
-1.044403362274169922e+01
-8.852234840393066406e+00
1.044398546218872070e+00
-6.130746459960937500e+01
1.941635704040527344e+01
7.191033363342285156e+00
2.099994659423828125e+00
2.376018333435058594e+01
9.843408584594726562e+00
2.639703369140625000e+01
-1.358012199401855469e+01
-2.408041954040527344e+00
1.536108779907226562e+01
-5.932256221771240234e+00
3.187642288208007812e+01
2.254013776779174805e+00
-3.283579349517822266e+00
-1.975144386291503906e+00
7.964728355407714844e+00
-3.518169403076171875e+00
1.498075723648071289e+00
-5.152882575988769531e+00
3.351212024688720703e+00
3.826982879638671875e+01
2.270722627639770508e+00
1.537569808959960938e+01
-6.882938385009765625e+00
1.348031139373779297e+01
-8.548839569091796875e+00
-4.086654186248779297e+00
1.235367107391357422e+01
-2.196044158935546875e+01
1.074307727813720703e+01
-1.984999418258666992e+00
1.147966670989990234e+01
3.786863327026367188e+01
-6.043322563171386719e+00
-1.608592224121093750e+01
-4.254305839538574219e+00
2.465557479858398438e+01
-8.145790100097656250e-01
-1.825156688690185547e+00
2.148819732666015625e+01
-7.160834312438964844e+00
2.022339630126953125e+01
2.045311689376831055e+00
1.490379047393798828e+01
3.175171375274658203e+00
-2.947639846801757812e+01
6.936109066009521484e+00
7.340211868286132812e+00
-2.104330825805664062e+01
3.065976142883300781e+00
1.084977340698242188e+01
-5.031809329986572266e+00
3.832732677459716797e+00
-2.031681537628173828e-01
-2.475254249572753906e+01
5.404192924499511719e+00
-9.989858627319335938e+00
3.291130065917968750e+00
-4.363990783691406250e+00
1.271438217163085938e+01
8.237612247467041016e-01
6.436045169830322266e+00
-1.104462146759033203e-01
7.489470243453979492e-01
5.014750957489013672e+00
1.826297044754028320e+00
-5.379627227783203125e+00
-6.845709800720214844e+00
-1.021102523803710938e+01
4.523960876464843750e+01
5.695287704467773438e+00
-2.895119190216064453e+00
6.981327056884765625e+01
-3.043894348144531250e+02
1.424335718154907227e+00
8.788923263549804688e+00
-7.295875549316406250e+01
-8.157315254211425781e+00
1.938173413276672363e+00
-3.292650699615478516e+00
5.787968158721923828e+00
3.553879165649414062e+01
-1.097120437622070312e+02
7.378295421600341797e+00
-1.305218696594238281e+00
-1.817816162109375000e+01
-2.937504005432128906e+01
3.736853599548339844e+00
2.567885780334472656e+01
-1.339482688903808594e+01
1.132796192169189453e+01
4.451219081878662109e+00
-7.371134757995605469e-01
-1.360221862792968750e+01
2.502426624298095703e+00
1.352360057830810547e+01
2.013122177124023438e+01
1.812367820739746094e+01
5.116256237030029297e+00
-9.792002677917480469e+00
1.708138275146484375e+01
6.246451377868652344e+00
1.238257122039794922e+01
3.191762733459472656e+01
2.678570747375488281e-01
-1.141858768463134766e+01
6.809099197387695312e+00
-9.646803855895996094e+00
9.911354064941406250e+00
-1.120269012451171875e+01
-1.483587265014648438e+01
-9.920782089233398438e+00
6.011106014251708984e+00
3.738915443420410156e+00
1.332374191284179688e+01
4.253793334960937500e+01
1.637158155441284180e+00
2.199159812927246094e+01
4.301998615264892578e+00
6.533078193664550781e+00
-6.123118972778320312e+01
1.044657325744628906e+01
-1.972906875610351562e+01
1.076727104187011719e+01
6.138065338134765625e+00
4.061521530151367188e+01
-1.652813434600830078e+00
-1.859726905822753906e+01
1.215525388717651367e+00
1.038074970245361328e+01
6.135415077209472656e+00
1.550957083702087402e+00
-3.909254455566406250e+01
1.739423561096191406e+01
1.982170677185058594e+01
-1.726882171630859375e+01
-1.387528896331787109e+01
6.025909900665283203e+00
3.232960700988769531e+00
-1.808170795440673828e+00
1.974681138992309570e+00
-3.763830661773681641e-01
-1.019065856933593750e+00
3.714273452758789062e+00
-2.605827713012695312e+01
-7.863391876220703125e+01
2.206844139099121094e+01
7.624926567077636719e+00
-5.339120864868164062e+00
3.075280904769897461e+00
8.612517356872558594e+00
-4.026525878906250000e+01
-5.705388069152832031e+00
1.330839061737060547e+01
6.642497062683105469e+00
3.293894767761230469e+00
8.807855844497680664e-01
6.182800292968750000e+00
-4.341505050659179688e+00
7.278406620025634766e-01
4.326565742492675781e+00
-6.992501258850097656e+00
-1.862846946716308594e+01
-6.038324832916259766e-01
-2.514822006225585938e+00
-7.741152763366699219e+00
-3.440793037414550781e+00
5.085597038269042969e+00
1.297824859619140625e+01
3.413988590240478516e+00
7.561387062072753906e+00
8.438282012939453125e-01
-2.834048748016357422e+00
7.424081802368164062e+00
-1.611357498168945312e+01
2.214945602416992188e+01
-2.859662532806396484e+00
-1.145176506042480469e+01
6.859512329101562500e+00
-7.851359558105468750e+01
-5.444632530212402344e+00
1.617881894111633301e+00
1.867088699340820312e+01
-3.511764144897460938e+01
2.363154411315917969e+00
4.366680383682250977e-01
-1.043032646179199219e+01
-2.054913330078125000e+01
7.711151123046875000e+00
-2.633347511291503906e+00
-1.429560852050781250e+01
-1.533464813232421875e+01
2.356622505187988281e+01
-1.200086021423339844e+01
1.572561073303222656e+01
-1.999749946594238281e+01
1.605380630493164062e+01
3.475345230102539062e+01
2.560672569274902344e+01
6.389282703399658203e+00
2.675114870071411133e-01
2.400041389465332031e+01
3.939871311187744141e+00
9.960055541992187500e+01
-2.753108978271484375e+00
7.616710662841796875e+00
4.763997077941894531e+00
6.022475051879882812e+01
4.056878089904785156e+00
1.196487426757812500e+01
1.162736797332763672e+01
-2.818348884582519531e+00
8.646799087524414062e+00
4.115804433822631836e-01
-8.462549209594726562e+00
-5.466384887695312500e+01
8.167213439941406250e+00
9.098349571228027344e+00
5.641796112060546875e+00
-1.229264545440673828e+01
-1.103936433792114258e+00
6.171539306640625000e+00
-1.567967987060546875e+01
1.021738052368164062e+00
1.518384218215942383e-01
9.690637588500976562e+00
-1.267963027954101562e+01
-2.618470764160156250e+01
-7.604224205017089844e+00
2.179363250732421875e+00
-2.037874794006347656e+01
2.731933021545410156e+01
-2.230252838134765625e+01
-2.975754356384277344e+01
5.572587013244628906e+00
2.362001419067382812e+00
6.699954509735107422e+00
2.996469020843505859e+00
1.025597858428955078e+01
1.565572261810302734e+01
-1.872390508651733398e+00
-5.617225170135498047e-01
-4.522738933563232422e+00
-1.827767753601074219e+01
-2.622459983825683594e+01
-8.559555053710937500e+00
-6.092277526855468750e+00
2.366292381286621094e+01
-1.548953819274902344e+01
-3.709504604339599609e+00
6.693641185760498047e+00
7.036653518676757812e+00
-5.533438205718994141e+00
1.220345592498779297e+01
-6.785578727722167969e-01
2.147782802581787109e+00
-8.029494285583496094e+00
2.819378662109375000e+01
-5.779318809509277344e+00
-3.901322841644287109e+00
2.782130050659179688e+01
-2.897383689880371094e+00
-5.722289562225341797e+00
-3.125212192535400391e+00
-3.150148391723632812e+00
8.672067642211914062e+00
1.279145240783691406e+01
9.693779945373535156e+00
-2.010864639282226562e+01
-2.780985832214355469e+00
3.535956621170043945e+00
-1.311735391616821289e+00
2.193754577636718750e+01
7.801975250244140625e+00
-5.818233966827392578e+00
-3.515991210937500000e+00
6.088363647460937500e+00
-6.032743453979492188e+00
1.330988121032714844e+01
-3.637453079223632812e+00
1.024372100830078125e+01
9.096843719482421875e+00
1.035854339599609375e+01
-1.116186618804931641e+01
-2.835879802703857422e+00
-1.252919769287109375e+01
-3.057584762573242188e-01
-4.477808952331542969e+00
8.644596099853515625e+00
7.505771636962890625e+00
-1.338530635833740234e+01
-2.590743446350097656e+01
1.919558868408203125e+02
-4.505467891693115234e+00
6.426712036132812500e+00
-1.522533893585205078e+00
1.610949325561523438e+01
3.423183441162109375e+01
8.845865249633789062e+00
-1.730939626693725586e+00
1.883010673522949219e+01
-3.369387435913085938e+01
3.367163181304931641e+00
7.620096588134765625e+01
-5.826668739318847656e-01
1.389943695068359375e+01
3.424808883666992188e+01
7.919907093048095703e+00
7.819336891174316406e+00
4.160207748413085938e+00
-3.203545761108398438e+01
3.790440750122070312e+01
1.732217311859130859e+00
7.096577167510986328e+00
3.345430850982666016e+00
-8.020052909851074219e-01
-3.384042358398437500e+01
-1.586866569519042969e+01
7.046669483184814453e+00
-1.907931566238403320e+00
-5.186150074005126953e-01
3.115884399414062500e+01
-3.138628540039062500e+02
1.318404674530029297e+00
6.309816837310791016e+00
1.565324425697326660e+00
1.151729297637939453e+01
-4.481614589691162109e+00
1.906231307983398438e+01
-3.141315460205078125e+00
3.143779516220092773e+00
1.126616239547729492e+00
-1.432072448730468750e+01
1.352187442779541016e+01
1.084393978118896484e+00
2.736489868164062500e+01
1.033314132690429688e+01
2.499023437500000000e+00
1.506996822357177734e+01
-1.745166969299316406e+01
-1.907217788696289062e+01
-1.004082298278808594e+01
3.660769462585449219e+00
1.383268451690673828e+01
9.435876846313476562e+00
-5.230911254882812500e+00
-4.179910659790039062e+00
-2.124950408935546875e+01
1.943187713623046875e+00
-2.073164463043212891e+00
3.979277372360229492e+00
1.843069553375244141e+00
1.265126419067382812e+01
1.121142768859863281e+01
2.508786201477050781e+01
3.751041412353515625e+00
1.528389739990234375e+01
7.004889488220214844e+00
-3.797918701171875000e+01
4.940647125244140625e+01
-5.606832504272460938e+00
1.464882183074951172e+01
2.775251865386962891e-01
1.843854904174804688e+01
1.271978855133056641e+00
2.573126029968261719e+01
-5.848876476287841797e+00
2.203407287597656250e+01
-1.130074405670166016e+01
-3.418322086334228516e+00
-9.755880355834960938e+00
-1.132136821746826172e+00
7.243531227111816406e+00
-9.040193557739257812e+00
6.377430438995361328e+00
-7.227849960327148438e+00
1.478970336914062500e+01
-7.351062774658203125e+00
-8.044015884399414062e+00
2.048072814941406250e-01
3.505642414093017578e-01
6.202949523925781250e+00
3.858407592773437500e+01
1.000259757041931152e+00
1.427003860473632812e+01
7.173375129699707031e+00
4.794313907623291016e-01
2.607762527465820312e+01
-1.610035896301269531e-01
4.436690902709960938e+01
1.068614959716796875e+01
-2.198778533935546875e+01
-6.776392459869384766e-01
1.457491111755371094e+01
2.257987213134765625e+01
-2.721591567993164062e+01
-1.746064949035644531e+01
-1.795631790161132812e+01
1.007348442077636719e+01
-5.362658691406250000e+01
3.152034521102905273e+00
1.125429840087890625e+02
-1.553136825561523438e+01
-8.156573295593261719e+00
1.165283393859863281e+01
1.811347961425781250e+01
-8.415837287902832031e-01
-1.006658935546875000e+01
6.418376922607421875e+01
2.757773160934448242e+00
-2.795810317993164062e+01
-2.772292137145996094e+00
1.936851501464843750e+01
3.879837799072265625e+01
1.200644226074218750e+02
-1.817107677459716797e+00
-2.500286483764648438e+01
1.293957710266113281e+01
1.426635456085205078e+01
7.995190143585205078e+00
4.443646430969238281e+00
8.403724670410156250e+00
7.033576965332031250e-01
